85800000010379602701007000117085187672016073
85870000010379602701007000115781642862016073
85840000010379602701007000117085187672016093
85820000010379602701007000115781642862016103
85850000010379602701007000117085187672016103
85800000011062602701007000117085187672017023
85880000011062602701007000115781642862017023
85820000002020002702003135952410001722015137
85860000004153602702003135952410001722015117
85870000004641002702003135952410001722016017
85810000004641002702003135952410001722016037
85800000011062602701007000111191103132017023
85850000001060802702003147897940001292015109
85800000000968002702003147897940001292016019
85800000009150702702003249773940001092016077
23792639900000185001501091500031264800035680
00196692300000706602525372300026400050713021
85860000003748002701007000114613129432017023
85810000001360002701600000122913509452015093
23793642500000109773381061504118141001004350
85800000009316702702003134977640001862016117
39992651600000123804467892000000004489822252
39994659000000063834467892000000004490029652
85800000009695802702003108791080001502015107
85800000010077202702003108791080001502015097
39993663800000062404467892000000004490234452
39991666900000062404467892000000005765401062
39995670000000062404467892000000005765504162
38991630400000123800040000003464210012859702
38998636300000123800040000003464480012859702
39991703500000062402782420206617500247980001
39996679000000062404467892000000005765813162
39996700400000062404467892000000005766534562
39992694300000062404467892000000005766328462

master: alteracao dfdfdfdfdfdfdfdfdf